Webots Project File version R2023b
perspectives: 000000ff00000000fd00000002000000010000011c0000035ffc0200000001fb0000001400540065007800740045006400690074006f007201000000160000035f0000003f00ffffff000000030000078000000039fc0100000001fb0000001a0043006f006e0073006f006c00650041006c006c0041006c006c0100000000000007800000006900ffffff000006620000035f00000001000000020000000100000008fc00000000
simulationViewPerspectives: 000000ff000000010000000200000100000005620100000002010000000100
sceneTreePerspectives: 000000ff0000000100000002000001b6000000fa0100000002010000000200
maximizedDockId: -1
centralWidgetVisible: 1
orthographicViewHeight: 1
textFiles: -1
consoles: Console:All:All
renderingDevicePerspectives: Summit-XL Steel:depth_camera;1;0.251563;0.00581395;0.195274
renderingDevicePerspectives: Summit-XL Steel:rgb_camera;1;0.194531;0.0065407;0.0124378
