Webots Project File version R2023b
perspectives: 000000ff00000000fd00000003000000000000000000000000fc0100000001fb0000001a0044006f00630075006d0065006e0074006100740069006f006e0000000000ffffffff000000000000000000000001000002a0000002f0fc0200000001fb0000001400540065007800740045006400690074006f00720100000016000002f00000008900ffffff0000000300000738000000dafc0100000002fb0000000e0043006f006e0073006f006c006501000000000000073f0000000000000000fb0000001a0043006f006e0073006f006c00650041006c006c0041006c006c0100000000000007380000006900ffffff00000496000002f000000001000000020000000100000008fc00000000
simulationViewPerspectives: 000000ff00000001000000020000016c000004a00100000002010000000101
sceneTreePerspectives: 000000ff0000000100000002000000c0000001120100000002010000000201
maximizedDockId: -1
centralWidgetVisible: 1
orthographicViewHeight: 1
textFiles: 0 "controllers/camera_auto_focus/camera_auto_focus.c"
globalOptionalRendering: CameraFrustums::CoordinateSystem
consoles: Console:All:All
renderingDevicePerspectives: MyBot:camera;1;0.773333;1.75908e-11;0
