Webots Project File version R2019a
perspectives: 000000ff00000000fd00000003000000000000000000000000fc0100000001fb0000001a0044006f00630075006d0065006e0074006100740069006f006e0000000000ffffffff0000005400ffffff00000001000002460000036ffc0200000001fb0000001400540065007800740045006400690074006f007201000000160000036f000000a200ffffff0000000300000780000000d8fc0100000001fb0000000e0043006f006e0073006f006c00650100000000000007800000005400ffffff000005340000036f00000001000000020000000100000008fc00000000
simulationViewPerspectives: 000000ff00000001000000020000016c000004a00100000006010000000101
sceneTreePerspectives: 000000ff0000000100000002000000c0000001120100000006010000000201
maximizedDockId: -1
centralWidgetVisible: 1
selectionDisabled: 0
viewpointLocked: 0
orthographicViewHeight: 1
textFiles: 0 "controllers/display/display.c" "controllers/display_supervisor/display_supervisor.c"
renderingDevicePerspectives: MyBot:camera;1;1;0.711732;0
renderingDevicePerspectives: MyBot:camera_display;1;1;0.711732;0.81402
renderingDevicePerspectives: MyBot:emoticon_display;1;9;0;0.816881
renderingDevicePerspectives: robot:ground_display;1;1;0;0
