Webots Project File version R2023b
perspectives: 000000ff00000000fd0000000300000000000001a0000002ebfc0100000002fb0000001a0052006f0062006f0074003a00200065002d007000750063006b0100000000000001a00000004e00fffffffb0000001a0044006f00630075006d0065006e0074006100740069006f006e0000000000ffffffff0000004e00ffffff000000010000017100000209fc0200000001fb0000001400540065007800740045006400690074006f0072010000000000000209000000aa00ffffff00000003000003b0000000dcfc0100000001fb0000000e0043006f006e0073006f006c006501000001a6000003b00000004f00ffffff000002390000020900000001000000020000000100000008fc00000000
simulationViewPerspectives: 000000ff000000010000000200000100000003370100000006010000000101
sceneTreePerspectives: 000000ff0000000100000002000000c0000000a80100000006010000000201
maximizedDockId: -1
centralWidgetVisible: 1
orthographicViewHeight: 1
textFiles: 0 "plugins/robot_windows/custom_robot_window_simple/custom_robot_window_simple.html" "controllers/custom_robot_window_simple/custom_robot_window_simple.py"
robotWindow: e-puck
consoles: Console:All:All
renderingDevicePerspectives: e-puck:camera;0;0.820513;0.0162866;0.00867679
