Webots Project File version R2023b
perspectives: 000000ff00000000fd00000003000000000000000000000000fc0100000001fb0000001a0044006f00630075006d0065006e0074006100740069006f006e0000000000ffffffff0000005400ffffff0000000100000204000002f5fc0200000001fb0000001400540065007800740045006400690074006f00720100000016000002f5000000a200ffffff000000030000073d000000dafc0100000001fb0000000e0043006f006e0073006f006c006501000000000000073d0000005400ffffff00000533000002f500000001000000020000000100000008fc00000000
simulationViewPerspectives: 000000ff00000001000000020000016a000003c50100000006010000000100
sceneTreePerspectives: 000000ff0000000100000002000000c0000001080100000006010000000200
maximizedDockId: -1
centralWidgetVisible: 1
orthographicViewHeight: 1
textFiles: 0 "controllers/water_flow_animation/water_flow_animation.c"
consoles: Console:All:All
renderingDevicePerspectives: robot:lower display;0;0.554688;0.218352;0
renderingDevicePerspectives: robot:upper display;0;0.554688;0.218352;0
