Webots Project File version R2023b
perspectives: 000000ff00000000fd00000003000000000000000000000000fc0100000001fb0000001a0044006f00630075006d0065006e0074006100740069006f006e0000000000ffffffff0000005400ffffff000000010000012e000003bbfc0200000001fb0000001400540065007800740045006400690074006f00720100000016000003bb000000a200ffffff00000003000007800000008cfc0100000001fb0000000e0043006f006e0073006f006c00650100000000000007800000005400ffffff0000064c000003bb00000001000000020000000100000008fc00000000
simulationViewPerspectives: 000000ff00000001000000020000016c000004a00100000006010000000101
sceneTreePerspectives: 000000ff0000000100000002000000c0000001120100000006010000000201
maximizedDockId: -1
centralWidgetVisible: 1
orthographicViewHeight: 1
textFiles: 0 "controllers/sick_terrain_scanning/sick_terrain_scanning.c" "controllers/sick_terrain_scanning_supervisor/sick_terrain_scanning_supervisor.c"
consoles: Console:All:All
renderingDevicePerspectives: robot:display2;1;1;0;0.359155
renderingDevicePerspectives: robot:ground_display;0;0.138672;0.000849618;0
