Webots Project File version R2021b
perspectives: 000000ff00000000fd00000003000000000000000000000000fc0100000001fb0000001a0044006f00630075006d0065006e0074006100740069006f006e0000000000000000140000006900ffffff000000010000011c0000035ffc0200000001fb0000001400540065007800740045006400690074006f007201000000160000035f0000003f00ffffff000000030000078000000039fc0100000001fb0000001a0043006f006e0073006f006c00650041006c006c0041006c006c0100000000000007800000006900ffffff000006620000035f00000001000000020000000100000008fc00000000
simulationViewPerspectives: 000000ff00000001000000020000013f000005210100000002010000000100
sceneTreePerspectives: 000000ff0000000100000002000001b6000000fa0100000002010000000200
maximizedDockId: -1
centralWidgetVisible: 1
orthographicViewHeight: 1
textFiles: -1
consoles: Console:All:All
renderingDevicePerspectives: Mir100:depth_camera_left;0;0.218947;0;0
renderingDevicePerspectives: Mir100:depth_camera_right;0;0.218947;0;0
