Webots Project File version R2021b
perspectives: 000000ff00000000fd00000001000000010000020b00000445fc0200000002fb0000001400540065007800740045006400690074006f007201000000000000032c0000008b00fffffffb0000001a0043006f006e0073006f006c00650041006c006c0041006c006c010000032e000001170000003900ffffff000004f30000044500000001000000020000000100000008fc00000000
simulationViewPerspectives: 000000ff000000010000000200000000000005970100000002010000000101
sceneTreePerspectives: 000000ff0000000100000002000000c0000000fa0100000002010000000201
maximizedDockId: -1
centralWidgetVisible: 1
orthographicViewHeight: 1
textFiles: 0 "controllers/dancing_nao/dancing_nao.py"
consoles: Console:All:All
renderingDevicePerspectives: NAO:CameraBottom;1;0.60625;0;0
renderingDevicePerspectives: NAO:CameraTop;1;0.608333;0;0.073501
