Webots Project File version R2020b
perspectives: 000000ff00000000fd00000003000000000000016c0000033dfc0200000001fb00000012005300630065006e0065005400720065006500000000190000033d0000000000000000000000010000016200000309fc0200000001fb0000001400540065007800740045006400690074006f00720100000019000003090000003e00ffffff000000030000073f000000e2fc0100000001fb0000000e0043006f006e0073006f006c006501000000000000073f0000005a00ffffff000005d70000030900000004000000040000000100000008fc00000000
simulationViewPerspectives: 000000ff00000001000000020000016c000002850100000006010000000101
sceneTreePerspectives: 000000ff0000000100000002000000c0000000a80100000006010000000201
minimizedPerspectives: 000000ff00000000fd00000003000000000000016c0000033dfc0200000001fb00000012005300630065006e0065005400720065006501000000190000033d0000018500ffffff000000010000033f000001ebfc0200000001fb0000001400540065007800740045006400690074006f00720100000019000001eb000000ab00ffffff00000003000003ed0000014cfc0100000001fb0000000e0043006f006e0073006f006c00650100000172000003ed0000004e00ffffff000000a8000001eb00000004000000040000000100000008fc00000000
maximizedDockId: -1
centralWidgetVisible: 1
orthographicViewHeight: 1
textFiles: -1
consoles: Console:All:All
renderingDevicePerspectives: e-puck:camera;0;1;0.0229397;0.0283149
