Webots Project File version R2020b
perspectives: 000000ff00000000fd00000003000000000000000000000000fc0100000001fb0000001a0044006f00630075006d0065006e0074006100740069006f006e0000000000ffffffff0000005400ffffff000000010000012e000003a2fc0200000001fb0000001400540065007800740045006400690074006f00720100000000000003a20000003c00ffffff000000030000073f000000dafc0100000001fb0000000e0043006f006e0073006f006c006501000000000000073f0000005400ffffff0000060b000003a200000001000000020000000100000008fc00000000
simulationViewPerspectives: 000000ff00000001000000020000016c000004a00100000006010000000101
sceneTreePerspectives: 000000ff0000000100000002000000c0000001120100000006010000000201
maximizedDockId: -1
centralWidgetVisible: 1
orthographicViewHeight: 1
textFiles: -1
consoles: Console:All:All
renderingDevicePerspectives: NAO:CameraBottom;0;1;0;0.570423
renderingDevicePerspectives: NAO:CameraTop;0;1;0;0.00229358
