Webots Project File version 8.5
perspectives: 000000ff00000000fd0000000200000001000002c4000002e2fc0200000001fb0000001400540065007800740045006400690074006f00720100000015000002e20000009d00ffffff0000000300000770000000d8fc0100000001fb0000000e0043006f006e0073006f006c00650100000000000007700000005400ffffff000004a6000002e200000001000000020000000100000008fc00000000
simulationViewPerspectives: 000000ff000000010000000200000100000005460100000006010000000100
sceneTreePerspectives: 000000ff0000000100000002000000c00000007b0100000006010000000200
maximizedDockId: -1
centralWidgetVisible: 1
orthographicViewHeight: 1
textFiles: -1
renderingDevicePerspectives: 108;1;1;0.841595;0.184751
renderingDevicePerspectives: 109;1;1;0.844828;0.460411
