Webots Project File version R2018a
perspectives: 000000ff00000000fd0000000300000000000003200000048ffc0100000002fc00000000ffffffff0000000000fffffffc0200000001fb00000012005300630065006e0065005400720065006501000000000000039f0000000000000000fb0000001a0044006f00630075006d0065006e0074006100740069006f006e0000000000ffffffff0000004e00ffffff000000010000023a00000272fc0200000001fb0000001400540065007800740045006400690074006f0072010000000000000272000000aa00ffffff0000000300000647000000f4fc0100000002fb0000000e0043006f006e0073006f006c00650100000000000006470000004f00fffffffb0000001a0052006f0062006f0074003a00200065002d007000750063006b01000004e70000021a0000000000000000000004070000027200000004000000040000000100000008fc00000000
simulationViewPerspectives: 000000ff000000010000000200000100000000a80100000006010000000101
sceneTreePerspectives: 000000ff0000000100000002000000c0000001120100000006010000000201
maximizedDockId: -1
centralWidgetVisible: 1
orthographicViewHeight: 1
textFiles: 0 "controllers/e-puck/e-puck.c"
renderingDevicePerspectives: e-puck:camera;0;1;0.0585176;0.0353357
