Webots Project File version R2023b
perspectives: 000000ff00000000fd00000003000000000000000000000000fc0100000001fb0000001a0044006f00630075006d0065006e0074006100740069006f006e0000000000ffffffff0000006900ffffff000000010000011c00000338fc0200000001fb0000001400540065007800740045006400690074006f00720100000016000003380000008900ffffff000000030000064d0000007dfc0100000001fb0000000e0043006f006e0073006f006c006501000000000000064d0000006900ffffff0000052f0000033800000001000000020000000100000008fc00000000
simulationViewPerspectives: 000000ff0000000100000002000001000000042f0100000002010000000100
sceneTreePerspectives: 000000ff000000010000000200000269000000fa0100000002010000000200
maximizedDockId: -1
centralWidgetVisible: 1
orthographicViewHeight: 1
textFiles: 0 "controllers/e-puck2_server/e-puck2_server.c"
consoles: Console:All:All
renderingDevicePerspectives: e-puck2:camera;0;1;0.770538;0.570423
