Webots Project File version R2023b
perspectives: 000000ff00000000fd00000003000000000000000000000000fc0100000001fb0000001a0044006f00630075006d0065006e0074006100740069006f006e0000000000ffffffff0000004e00ffffff000000010000019700000341fc0200000001fb0000001400540065007800740045006400690074006f00720100000000000003410000006d00ffffff0000000300000780000000dcfc0100000001fb0000000e0043006f006e0073006f006c00650100000000000007800000004f00ffffff000005e30000034100000001000000020000000100000008fc00000000
simulationViewPerspectives: 000000ff000000010000000200000100000003370100000006010000000101
sceneTreePerspectives: 000000ff0000000100000002000000c0000000a80100000006010000000201
maximizedDockId: -1
centralWidgetVisible: 1
orthographicViewHeight: 1
textFiles: 0 "controllers/supervisor_draw_trail/supervisor_draw_trail.c"
consoles: Console:All:All
renderingDevicePerspectives: e-puck:camera;0;0.820513;0.00481928;0.00646831
